   grp  top_n  stop  regime   lb  sk   ma   CAGR  MaxDD  Sharpe  IS_CAGR  IS_Sharpe  OOS_CAGR  OOS_Sharpe  OOS_MaxDD
0    A     10   0.2    True  252  21  200  0.285 -0.357   1.393    0.398      1.992     0.154       0.780     -0.357
1    A     10   0.2   False  252  21  200  0.333 -0.392   1.427    0.503      2.146     0.145       0.687     -0.392
2    A     10   0.3    True  252  21  200  0.307 -0.365   1.420    0.396      1.934     0.199       0.916     -0.365
3    A     10   0.3   False  252  21  200  0.371 -0.380   1.490    0.503      2.081     0.218       0.902     -0.380
4    A     10   0.4    True  252  21  200  0.319 -0.341   1.459    0.399      1.939     0.222       0.992     -0.341
5    A     10   0.4   False  252  21  200  0.390 -0.362   1.535    0.521      2.122     0.238       0.956     -0.362
6    A     15   0.2    True  252  21  200  0.225 -0.346   1.251    0.305      1.793     0.129       0.721     -0.346
7    A     15   0.2   False  252  21  200  0.266 -0.365   1.295    0.397      1.982     0.117       0.615     -0.365
8    A     15   0.3    True  252  21  200  0.245 -0.344   1.289    0.311      1.756     0.165       0.842     -0.344
9    A     15   0.3   False  252  21  200  0.305 -0.339   1.385    0.412      1.960     0.180       0.826     -0.339
10   A     15   0.4    True  252  21  200  0.257 -0.329   1.330    0.312      1.751     0.189       0.932     -0.329
11   A     15   0.4   False  252  21  200  0.323 -0.328   1.434    0.423      1.984     0.205       0.906     -0.328
12   A     25   0.2    True  252  21  200  0.248 -0.323   1.481    0.333      2.136     0.148       0.861     -0.323
13   A     25   0.2   False  252  21  200  0.296 -0.294   1.545    0.405      2.237     0.170       0.886     -0.294
14   A     25   0.3    True  252  21  200  0.267 -0.315   1.512    0.342      2.105     0.176       0.960     -0.315
15   A     25   0.3   False  252  21  200  0.328 -0.273   1.610    0.419      2.206     0.221       1.050     -0.273
16   A     25   0.4    True  252  21  200  0.277 -0.296   1.544    0.343      2.097     0.196       1.035     -0.296
17   A     25   0.4   False  252  21  200  0.341 -0.269   1.639    0.426      2.217     0.239       1.104     -0.269
18   B     15   0.3    True  126   0  100  0.274 -0.223   1.435    0.278      1.572     0.266       1.290     -0.223
19   B     15   0.3    True  126   0  150  0.301 -0.304   1.499    0.362      1.926     0.226       1.078     -0.304
20   B     15   0.3    True  126   0  200  0.297 -0.304   1.459    0.339      1.830     0.242       1.112     -0.304
21   B     15   0.3    True  126  21  100  0.250 -0.222   1.369    0.224      1.366     0.280       1.371     -0.216
22   B     15   0.3    True  126  21  150  0.295 -0.259   1.508    0.318      1.784     0.263       1.243     -0.259
23   B     15   0.3    True  126  21  200  0.300 -0.259   1.501    0.309      1.735     0.285       1.290     -0.259
24   B     15   0.3    True  189   0  100  0.236 -0.257   1.293    0.214      1.324     0.261       1.270     -0.215
25   B     15   0.3    True  189   0  150  0.254 -0.285   1.316    0.304      1.742     0.192       0.932     -0.285
26   B     15   0.3    True  189   0  200  0.246 -0.286   1.260    0.273      1.582     0.208       0.980     -0.286
27   B     15   0.3    True  189  21  100  0.243 -0.230   1.345    0.235      1.424     0.252       1.269     -0.212
28   B     15   0.3    True  189  21  150  0.274 -0.295   1.402    0.333      1.837     0.201       0.988     -0.295
29   B     15   0.3    True  189  21  200  0.265 -0.311   1.336    0.296      1.637     0.225       1.056     -0.311
30   B     15   0.3    True  252   0  100  0.269 -0.268   1.463    0.316      1.871     0.209       1.071     -0.268
31   B     15   0.3    True  252   0  150  0.313 -0.336   1.566    0.429      2.271     0.176       0.887     -0.336
32   B     15   0.3    True  252   0  200  0.299 -0.339   1.491    0.379      2.054     0.201       0.968     -0.339
33   B     15   0.3    True  252  21  100  0.249 -0.248   1.396    0.285      1.723     0.202       1.070     -0.248
34   B     15   0.3    True  252  21  150  0.264 -0.346   1.390    0.355      1.970     0.157       0.824     -0.346

Sharpe across 36 trials: mean 1.431 sd 0.099 min 1.251 max 1.639; CAGR min 0.225 max 0.390; frac with CAGR>bench 8.5%: 1.00

headline daily SR 0.0812 (ann 1.289) T=2222 skew -0.70 kurt 12.0; cross-trial sd of ann SR 0.099
   N  SR0_ann  DSR_prob  haircut_SR_ann
   1    0.000     1.000           1.289
  18    0.184     0.999           1.105
  36    0.213     0.999           1.075
 100    0.251     0.999           1.037
 500    0.303     0.998           0.986
1000    0.323     0.997           0.965
N=1000 with sd(ann SR)=0.3: 0.977

WALK-FORWARD fwd: best IS-Sharpe trial {'grp': 'B', 'top_n': 15, 'stop': 0.3, 'regime': True, 'lb': 252, 'sk': 0, 'ma': 150}
 IS  CAGR 0.429 Sharpe 2.27 | OOS CAGR 0.176 Sharpe 0.89 MaxDD -0.336 | OOS rank 26/35 | OOS median CAGR 0.202
 Spearman(IS Sharpe, OOS Sharpe) over 36 trials: -0.52
WALK-FORWARD rev (tune 2015-18 -> test 2010-14): best trial {'grp': 'B', 'top_n': 15, 'stop': 0.3, 'regime': True, 'lb': 126, 'sk': 21, 'ma': 100} test CAGR 0.224; rank 34/36; spearman -0.52
bench 2010-01-01 2014-12-31 {'CAGR': 0.09645442051401365, 'MaxDD': -0.2788757787913967, 'Sharpe': 0.6413984447413392} EW buyhold {'CAGR': 0.22822035597340284, 'MaxDD': -0.328628805706216, 'Sharpe': 1.3675075211189691}
bench 2015-01-01 2018-12-31 {'CAGR': 0.06662139739752893, 'MaxDD': -0.225166030550924, 'Sharpe': 0.5545419858802089} EW buyhold {'CAGR': 0.16422734845265596, 'MaxDD': -0.2481405767427015, 'Sharpe': 1.0297815371873942}
